j: 0
j: 1
j: 2
j: 3
j: 4
j: 5
j: 6
j: 7
j: 8
j: 9
wall_height: 985.513577
x: 1000
y: 994
orig_x: 29.000000 orig_y: 63.000000
p1.x: 29 p1.y 63 p2.x: 29 p2.y: 64
p1.r: 59 p1.g: 59 p1.b: 59
p2.r: 64 p2.g: 0 p2.b: 64
r: 59 g: 59 b: 59
